variant   overall   Proportion   Safeguards  Identity/ac        State  Connectivit      Caching  Leverage/ac  Verificatio           UI   tier  P1-over  P3-over  errors
shipped      0.88         0.92         0.85         0.94         0.93         0.79         0.93         0.85         0.91         0.80   96/104        9        8      10
v1           0.89         0.95         0.78         0.96         0.95         0.88         1.00         0.90         0.88         0.71   50/52        1        4       9
v2           0.90         0.96         0.88         0.96         0.93         0.84         1.00         0.86         0.94         0.71   99/104        3        3      15
v3           0.91         0.97         0.81         0.97         0.89         0.95         1.00         0.90         0.90         0.77   50/52        1        1       2
v4           0.91         0.97         0.87         0.97         0.94         0.87         0.99         0.88         0.93         0.76   100/104        1        2      13
v5           0.91         0.97         0.85         0.95         0.95         0.86         0.98         0.87         0.97         0.76   99/104        3        3      11
v6           0.90         0.97         0.86         0.96         0.94         0.88         0.92         0.87         0.90         0.75   101/104        0        6      12

Paired per cell against shipped (wins / ties / losses), overall and safeguards:
  v1   overall      25 /   9 /  18
  v1   safeguards    9 /  13 /  19
  v1   proportion    9 /  36 /   7
  v2   overall      57 /  18 /  29
  v2   safeguards   32 /  31 /  19
  v2   proportion   16 /  80 /   8
  v3   overall      25 /   9 /  18
  v3   safeguards   11 /  13 /  17
  v3   proportion    9 /  40 /   3
  v4   overall      60 /  17 /  27
  v4   safeguards   28 /  31 /  23
  v4   proportion   18 /  78 /   8
  v5   overall      60 /  14 /  30
  v5   safeguards   29 /  29 /  24
  v5   proportion   19 /  82 /   3
  v6   overall      58 /  13 /  33
  v6   safeguards   25 /  36 /  21
  v6   proportion   18 /  78 /   8

P1 by expected tier (mean):
  tier                        shipped       v1       v2       v3       v4       v5       v6
  client-only                    0.67     0.75     0.83     0.83     0.92     0.83     1.00
  client-plus-light-server       0.62     1.00     0.75     1.00     1.00     0.75     1.00
  host-scoped                    1.00     1.00     1.00     1.00     1.00     1.00     1.00
  server-batch                   1.00     1.00     1.00     1.00     1.00     1.00     1.00
  server-public                  1.00     1.00     1.00     1.00     1.00     1.00     1.00
  server-shared-async            0.86     0.94     0.99     0.94     0.97     0.99     0.93
  server-shared-live             1.00     1.00     1.00     1.00     1.00     1.00     1.00

Per criterion:
  C1     0.94    1.00    1.00    1.00    1.00    1.00    1.00
  C2     0.96    1.00    0.98    1.00    0.99    1.00    1.00
  C3     0.66    0.69    0.68    0.92    0.78    0.72    0.79
  C4     1.00    1.00    1.00    1.00    1.00    1.00    0.88
  C5     0.63    0.88    0.73    0.88    0.72    0.75    0.74
  D1     0.85    0.69    0.81    0.81    0.93    0.75    0.86
  D2     0.85    0.85    0.88    0.48    0.69    0.89    0.72
  D3     0.84    0.75    0.88    0.81    0.72    0.77    0.73
  D4     1.00    1.00    0.82    1.00    1.00    0.95    1.00
  I1     0.94    0.94    0.96    0.97    0.98    0.95    0.96
  I2     0.87    0.83    0.96    0.95    0.95    0.95    0.95
  I3     0.93    1.00    0.97    0.97    0.96    0.96    0.94
  I4     0.73    0.67    0.92    0.92    0.90    0.85    0.92
  K1     0.88    1.00    1.00    1.00    0.96    0.95    0.80
  K2     1.00    1.00    1.00    1.00    1.00    0.96    0.92
  K3     0.91    1.00    1.00    1.00    1.00    1.00    1.00
  O1     0.82    0.72    0.78    0.72    0.75    0.95    0.87
  P1     0.90    0.95    0.97    0.96    0.98    0.97    0.98
  P2     0.98    1.00    1.00    1.00    0.99    0.99    0.99
  P3     0.89    0.89    0.93    0.95    0.96    0.97    0.93
  R1     0.99    0.97    0.98    1.00    1.00    0.99    0.99
  R2     0.59    0.82    0.67    0.70    0.71    0.67    0.65
  R3     0.95    0.91    0.93    0.98    0.94    0.94    0.94
  S1     0.98    0.99    0.98    0.97    0.98    0.99    0.94
  S2     0.99    1.00    0.99    1.00    0.98    0.99    0.97
  S3     0.82    0.89    0.82    1.00    0.99    0.89    0.99
  S4     0.88    0.90    0.86    0.57    0.78    0.88    0.86
  U1     0.97    0.94    0.94    1.00    0.97    0.97    0.97
  U2     0.62    0.50    0.47    0.56    0.50    0.53    0.53
  U3     0.81    0.69    0.72    0.75    0.81    0.77    0.75
  V1     0.92    0.91    0.97    0.93    0.96    0.98    0.90
